1403715570012143104
1403715570062142976
1403715570112143104
1403715570162142976
1403715570212143104
1403715570262142976
1403715570312143104
1403715570362142976
1403715570412143104
1403715570462142976
1403715570512143104
1403715570562142976
1403715570612143104
1403715570662142976
1403715570712143104
1403715570762142976
1403715570812143104
1403715570862142976
1403715570912143104
1403715570962142976
1403715571012143104
1403715571062142976
1403715571112143104
1403715571162142976
1403715571212143104
1403715571262142976
1403715571312143104
1403715571362142976
1403715571412143104
1403715571462142976
1403715571512143104
1403715571562142976
1403715571612143104
1403715571662142976
1403715571712143104
1403715571762142976
1403715571812143104
1403715571862142976
1403715571912143104
1403715571962142976
1403715572012143104
1403715572062142976
1403715572112143104
1403715572162142976
1403715572212143104
1403715572262142976
1403715572312143104
1403715572362142976
1403715572412143104
1403715572462142976
1403715572512143104
1403715572562142976
1403715572612143104
1403715572662142976
1403715572712143104
1403715572762142976
1403715572812143104
1403715572862142976
1403715572912143104
1403715572962142976
1403715573012143104
1403715573062142976
1403715573112143104
1403715573162142976
1403715573212143104
1403715573262142976
1403715573312143104
1403715573362142976
1403715573412143104
1403715573462142976
1403715573512143104
1403715573562142976
1403715573612143104
1403715573662142976
1403715573712143104
1403715573762142976
1403715573812143104
1403715573862142976
1403715573912143104
1403715573962142976
1403715574012143104
1403715574062142976
1403715574112143104
1403715574162142976
1403715574212143104
1403715574262142976
1403715574312143104
1403715574362142976
1403715574412143104
1403715574462142976
1403715574512143104
1403715574562142976
1403715574612143104
1403715574662142976
1403715574712143104
1403715574762142976
1403715574812143104
1403715574862142976
1403715574912143104
1403715574962142976
1403715575012143104
1403715575062142976
1403715575112143104
1403715575162142976
1403715575212143104
1403715575262142976
1403715575312143104
1403715575362142976
1403715575412143104
1403715575462142976
1403715575512143104
1403715575562142976
1403715575612143104
1403715575662142976
1403715575712143104
1403715575762142976
1403715575812143104
1403715575862142976
1403715575912143104
1403715575962142976
1403715576012143104
1403715576062142976
1403715576112143104
1403715576162142976
1403715576212143104
1403715576262142976
1403715576312143104
1403715576362142976
1403715576412143104
1403715576462142976
1403715576512143104
1403715576562142976
1403715576612143104
1403715576662142976
1403715576712143104
1403715576762142976
1403715576812143104
1403715576862142976
1403715576912143104
1403715576962142976
1403715577012143104
1403715577062142976
1403715577112143104
1403715577162142976
1403715577212143104
1403715577262142976
1403715577312143104
1403715577362142976
1403715577412143104
1403715577462142976
1403715577512143104
1403715577562142976
1403715577612143104
1403715577662142976
1403715577712143104
1403715577762142976
1403715577812143104
1403715577862142976
1403715577912143104
1403715577962142976
1403715578012143104
1403715578062142976
1403715578112143104
1403715578162142976
1403715578212143104
1403715578262142976
1403715578312143104
1403715578362142976
1403715578412143104
1403715578462142976
1403715578512143104
1403715578562142976
1403715578612143104
1403715578662142976
1403715578712143104
1403715578762142976
1403715578812143104
1403715578862142976
1403715578912143104
1403715578962142976
1403715579012143104
1403715579062142976
1403715579112143104
1403715579162142976
1403715579212143104
1403715579262142976
1403715579312143104
1403715579362142976
1403715579412143104
1403715579462142976
1403715579512143104
1403715579562142976
1403715579612143104
1403715579662142976
1403715579712143104
1403715579762142976
1403715579812143104
1403715579862142976
1403715579912143104
1403715579962142976
1403715580012143104
1403715580062142976
1403715580112143104
1403715580162142976
1403715580212143104
1403715580262142976
1403715580312143104
1403715580362142976
1403715580412143104
1403715580462142976
1403715580512143104
1403715580562142976
1403715580612143104
1403715580662142976
1403715580712143104
1403715580762142976
1403715580812143104
1403715580862142976
1403715580912143104
1403715580962142976
1403715581012143104
1403715581062142976
1403715581112143104
1403715581162142976
1403715581212143104
1403715581262142976
1403715581312143104
1403715581362142976
1403715581412143104
1403715581462142976
1403715581512143104
1403715581562142976
1403715581612143104
1403715581662142976
1403715581712143104
1403715581762142976
1403715581812143104
1403715581862142976
1403715581912143104
1403715581962142976
1403715582012143104
1403715582062142976
1403715582112143104
1403715582162142976
1403715582212143104
1403715582262142976
1403715582312143104
1403715582362142976
1403715582412143104
1403715582462142976
1403715582512143104
1403715582562142976
1403715582612143104
1403715582662142976
1403715582712143104
1403715582762142976
1403715582812143104
1403715582862142976
1403715582912143104
1403715582962142976
1403715583012143104
1403715583062142976
1403715583112143104
1403715583162142976
1403715583212143104
1403715583262142976
1403715583312143104
1403715583362142976
1403715583412143104
1403715583462142976
1403715583512143104
1403715583562142976
1403715583612143104
1403715583662142976
1403715583712143104
1403715583762142976
1403715583812143104
1403715583862142976
1403715583912143104
1403715583962142976
1403715584012143104
1403715584062142976
1403715584112143104
1403715584162142976
1403715584212143104
1403715584262142976
1403715584312143104
1403715584362142976
1403715584412143104
1403715584462142976
1403715584512143104
1403715584562142976
1403715584612143104
1403715584662142976
1403715584712143104
1403715584762142976
1403715584812143104
1403715584862142976
1403715584912143104
1403715584962142976
1403715585012143104
1403715585062142976
1403715585112143104
1403715585162142976
1403715585212143104
1403715585262142976
1403715585312143104
1403715585362142976
1403715585412143104
1403715585462142976
1403715585512143104
1403715585562142976
1403715585612143104
1403715585662142976
1403715585712143104
1403715585762142976
1403715585812143104
1403715585862142976
1403715585912143104
1403715585962142976
1403715586012143104
1403715586062142976
1403715586112143104
1403715586162142976
1403715586212143104
1403715586262142976
1403715586312143104
1403715586362142976
1403715586412143104
1403715586462142976
1403715586512143104
1403715586562142976
1403715586612143104
1403715586662142976
1403715586712143104
1403715586762142976
1403715586812143104
1403715586862142976
1403715586912143104
1403715586962142976
1403715587012143104
1403715587062142976
1403715587112143104
1403715587162142976
1403715587212143104
1403715587262142976
1403715587312143104
1403715587362142976
1403715587412143104
1403715587462142976
1403715587512143104
1403715587562142976
1403715587612143104
1403715587662142976
1403715587712143104
1403715587762142976
1403715587812143104
1403715587862142976
1403715587912143104
1403715587962142976
1403715588012143104
1403715588062142976
1403715588112143104
1403715588162142976
1403715588212143104
1403715588262142976
1403715588312143104
1403715588362142976
1403715588412143104
1403715588462142976
1403715588512143104
1403715588562142976
1403715588612143104
1403715588662142976
1403715588712143104
1403715588762142976
1403715588812143104
1403715588862142976
1403715588912143104
1403715588962142976
1403715589012143104
1403715589062142976
1403715589112143104
1403715589162142976
1403715589212143104
1403715589262142976
1403715589312143104
1403715589362142976
1403715589412143104
1403715589462142976
1403715589512143104
1403715589562142976
1403715589612143104
1403715589662142976
1403715589712143104
1403715589762142976
1403715589812143104
1403715589862142976
1403715589912143104
1403715589962142976
1403715590012143104
1403715590062142976
1403715590112143104
1403715590162142976
1403715590212143104
1403715590262142976
1403715590312143104
1403715590362142976
1403715590412143104
1403715590462142976
1403715590512143104
1403715590562142976
1403715590612143104
1403715590662142976
1403715590712143104
1403715590762142976
1403715590812143104
1403715590862142976
1403715590912143104
1403715590962142976
1403715591012143104
1403715591062142976
1403715591112143104
1403715591162142976
1403715591212143104
1403715591262142976
1403715591312143104
1403715591362142976
1403715591412143104
1403715591462142976
1403715591512143104
1403715591562142976
1403715591612143104
1403715591662142976
1403715591712143104
1403715591762142976
1403715591812143104
1403715591862142976
1403715591912143104
1403715591962142976
1403715592012143104
1403715592062142976
1403715592112143104
1403715592162142976
1403715592212143104
1403715592262142976
1403715592312143104
1403715592362142976
1403715592412143104
1403715592462142976
1403715592512143104
1403715592562142976
1403715592612143104
1403715592662142976
1403715592712143104
1403715592762142976
1403715592812143104
1403715592862142976
1403715592912143104
1403715592962142976
1403715593012143104
1403715593062142976
1403715593112143104
1403715593162142976
1403715593212143104
1403715593262142976
1403715593312143104
1403715593362142976
1403715593412143104
1403715593462142976
1403715593512143104
1403715593562142976
1403715593612143104
1403715593662142976
1403715593712143104
1403715593762142976
1403715593812143104
1403715593862142976
1403715593912143104
1403715593962142976
1403715594012143104
1403715594062142976
1403715594112143104
1403715594162142976
1403715594212143104
1403715594262142976
1403715594312143104
1403715594362142976
1403715594412143104
1403715594462142976
1403715594512143104
1403715594562142976
1403715594612143104
1403715594662142976
1403715594712143104
1403715594762142976
1403715594812143104
1403715594862142976
1403715594912143104
1403715594962142976
1403715595012143104
1403715595062142976
1403715595112143104
1403715595162142976
1403715595212143104
1403715595262142976
1403715595312143104
1403715595362142976
1403715595412143104
1403715595462142976
1403715595512143104
1403715595562142976
1403715595612143104
1403715595662142976
1403715595712143104
1403715595762142976
1403715595812143104
1403715595862142976
1403715595912143104
1403715595962142976
1403715596012143104
1403715596062142976
1403715596112143104
1403715596162142976
1403715596212143104
1403715596262142976
1403715596312143104
1403715596362142976
1403715596412143104
1403715596462142976
1403715596512143104
1403715596562142976
1403715596612143104
1403715596662142976
1403715596712143104
1403715596762142976
1403715596812143104
1403715596862142976
1403715596912143104
1403715596962142976
1403715597012143104
1403715597062142976
1403715597112143104
1403715597162142976
1403715597212143104
1403715597262142976
1403715597312143104
1403715597362142976
1403715597412143104
1403715597462142976
1403715597512143104
1403715597562142976
1403715597612143104
1403715597662142976
1403715597712143104
1403715597762142976
1403715597812143104
1403715597862142976
1403715597912143104
1403715597962142976
1403715598012143104
1403715598062142976
1403715598112143104
1403715598162142976
1403715598212143104
1403715598262142976
1403715598312143104
1403715598362142976
1403715598412143104
1403715598462142976
1403715598512143104
1403715598562142976
1403715598612143104
1403715598662142976
1403715598712143104
1403715598762142976
1403715598812143104
1403715598862142976
1403715598912143104
1403715598962142976
1403715599012143104
1403715599062142976
1403715599112143104
1403715599162142976
1403715599212143104
1403715599262142976
1403715599312143104
1403715599362142976
1403715599412143104
1403715599462142976
1403715599512143104
1403715599562142976
1403715599612143104
1403715599662142976
1403715599712143104
1403715599762142976
1403715599812143104
1403715599862142976
1403715599912143104
1403715599962142976
1403715600012143104
1403715600062142976
1403715600112143104
1403715600162142976
1403715600212143104
1403715600262142976
1403715600312143104
1403715600362142976
1403715600412143104
1403715600462142976
1403715600512143104
1403715600562142976
1403715600612143104
1403715600662142976
1403715600712143104
1403715600762142976
1403715600812143104
1403715600862142976
1403715600912143104
1403715600962142976
1403715601012143104
1403715601062142976
1403715601112143104
1403715601162142976
1403715601212143104
1403715601262142976
1403715601312143104
1403715601362142976
1403715601412143104
1403715601462142976
1403715601512143104
1403715601562142976
1403715601612143104
1403715601662142976
1403715601712143104
1403715601762142976
1403715601812143104
1403715601862142976
1403715601912143104
1403715601962142976
1403715602012143104
1403715602062142976
1403715602112143104
1403715602162142976
1403715602212143104
1403715602262142976
1403715602312143104
1403715602362142976
1403715602412143104
1403715602462142976
1403715602512143104
1403715602562142976
1403715602612143104
1403715602662142976
1403715602712143104
1403715602762142976
1403715602812143104
1403715602862142976
1403715602912143104
1403715602962142976
1403715603012143104
1403715603062142976
1403715603112143104
1403715603162142976
1403715603212143104
1403715603262142976
1403715603312143104
1403715603362142976
1403715603412143104
1403715603462142976
1403715603512143104
1403715603562142976
1403715603612143104
1403715603662142976
1403715603712143104
1403715603762142976
1403715603812143104
1403715603862142976
1403715603912143104
1403715603962142976
1403715604012143104
1403715604062142976
1403715604112143104
1403715604162142976
1403715604212143104
1403715604262142976
1403715604312143104
1403715604362142976
1403715604412143104
1403715604462142976
1403715604512143104
1403715604562142976
1403715604612143104
1403715604662142976
1403715604712143104
1403715604762142976
1403715604812143104
1403715604862142976
1403715604912143104
1403715604962142976
1403715605012143104
1403715605062142976
1403715605112143104
1403715605162142976
1403715605212143104
1403715605262142976
1403715605312143104
1403715605362142976
1403715605412143104
1403715605462142976
1403715605512143104
1403715605562142976
1403715605612143104
1403715605662142976
1403715605712143104
1403715605762142976
1403715605812143104
1403715605862142976
1403715605912143104
1403715605962142976
1403715606012143104
1403715606062142976
1403715606112143104
1403715606162142976
1403715606212143104
1403715606262142976
1403715606312143104
1403715606362142976
1403715606412143104
1403715606462142976
1403715606512143104
1403715606562142976
1403715606612143104
1403715606662142976
1403715606712143104
1403715606762142976
1403715606812143104
1403715606862142976
1403715606912143104
1403715606962142976
1403715607012143104
1403715607062142976
1403715607112143104
1403715607162142976
1403715607212143104
1403715607262142976
1403715607312143104
1403715607362142976
1403715607412143104
1403715607462142976
1403715607512143104
1403715607562142976
1403715607612143104
1403715607662142976
1403715607712143104
1403715607762142976
1403715607812143104
1403715607862142976
1403715607912143104
1403715607962142976
1403715608012143104
1403715608062142976
1403715608112143104
1403715608162142976
1403715608212143104
1403715608262142976
1403715608312143104
1403715608362142976
1403715608412143104
1403715608462142976
1403715608512143104
1403715608562142976
1403715608612143104
1403715608662142976
1403715608712143104
1403715608762142976
1403715608812143104
1403715608862142976
1403715608912143104
1403715608962142976
1403715609012143104
1403715609062142976
1403715609112143104
1403715609162142976
1403715609212143104
1403715609262142976
1403715609312143104
1403715609362142976
