1403715978984058112
1403715979034057984
1403715979084058112
1403715979134057984
1403715979184058112
1403715979234057984
1403715979284058112
1403715979334057984
1403715979384058112
1403715979434057984
1403715979484058112
1403715979534057984
1403715979584058112
1403715979634057984
1403715979684058112
1403715979734057984
1403715979784058112
1403715979834057984
1403715979884058112
1403715979934057984
1403715979984058112
1403715980034057984
1403715980084058112
1403715980134057984
1403715980184058112
1403715980234057984
1403715980284058112
1403715980334057984
1403715980384058112
1403715980434057984
1403715980484058112
1403715980534057984
1403715980584058112
1403715980634057984
1403715980684058112
1403715980734057984
1403715980784058112
1403715980834057984
1403715980884058112
1403715980934057984
1403715980984058112
1403715981034057984
1403715981084058112
1403715981134057984
1403715981184058112
1403715981234057984
1403715981284058112
1403715981334057984
1403715981384058112
1403715981434057984
1403715981484058112
1403715981534057984
1403715981584058112
1403715981634057984
1403715981684058112
1403715981734057984
1403715981784058112
1403715981834057984
1403715981884058112
1403715981934057984
1403715981984058112
1403715982034057984
1403715982084058112
1403715982134057984
1403715982184058112
1403715982234057984
1403715982284058112
1403715982334057984
1403715982384058112
1403715982434057984
1403715982484058112
1403715982534057984
1403715982584058112
1403715982634057984
1403715982684058112
1403715982734057984
1403715982784058112
1403715982834057984
1403715982884058112
1403715982934057984
1403715982984058112
1403715983034057984
1403715983084058112
1403715983134057984
1403715983184058112
1403715983234057984
1403715983284058112
1403715983334057984
1403715983384058112
1403715983434057984
1403715983484058112
1403715983534057984
1403715983584058112
1403715983634057984
1403715983684058112
1403715983734057984
1403715983784058112
1403715983834057984
1403715983884058112
1403715983934057984
1403715983984058112
1403715984034057984
1403715984084058112
1403715984134057984
1403715984184058112
1403715984234057984
1403715984284058112
1403715984334057984
1403715984384058112
1403715984434057984
1403715984484058112
1403715984534057984
1403715984584058112
1403715984634057984
1403715984684058112
1403715984734057984
1403715984784058112
1403715984834057984
1403715984884058112
1403715984934057984
1403715984984058112
1403715985034057984
1403715985084058112
1403715985134057984
1403715985184058112
1403715985234057984
1403715985284058112
1403715985334057984
1403715985384058112
1403715985434057984
1403715985484058112
1403715985534057984
1403715985584058112
1403715985634057984
1403715985684058112
1403715985734057984
1403715985784058112
1403715985834057984
1403715985884058112
1403715985934057984
1403715985984058112
1403715986034057984
1403715986084058112
1403715986134057984
1403715986184058112
1403715986234057984
1403715986284058112
1403715986334057984
1403715986384058112
1403715986434057984
1403715986484058112
1403715986534057984
1403715986584058112
1403715986634057984
1403715986684058112
1403715986734057984
1403715986784058112
1403715986834057984
1403715986884058112
1403715986934057984
1403715986984058112
1403715987034057984
1403715987084058112
1403715987134057984
1403715987184058112
1403715987234057984
1403715987284058112
1403715987334057984
1403715987384058112
1403715987434057984
1403715987484058112
1403715987534057984
1403715987584058112
1403715987634057984
1403715987684058112
1403715987734057984
1403715987784058112
1403715987834057984
1403715987884058112
1403715987934057984
1403715987984058112
1403715988034057984
1403715988084058112
1403715988134057984
1403715988184058112
1403715988234057984
1403715988284058112
1403715988334057984
1403715988384058112
1403715988434057984
1403715988484058112
1403715988534057984
1403715988584058112
1403715988634057984
1403715988684058112
1403715988734057984
1403715988784058112
1403715988834057984
1403715988884058112
1403715988934057984
1403715988984058112
1403715989034057984
1403715989084058112
1403715989134057984
1403715989184058112
1403715989234057984
1403715989284058112
1403715989334057984
1403715989384058112
1403715989434057984
1403715989484058112
1403715989534057984
1403715989584058112
1403715989634057984
1403715989684058112
1403715989734057984
1403715989784058112
1403715989834057984
1403715989884058112
1403715989934057984
1403715989984058112
1403715990034057984
1403715990084058112
1403715990134057984
1403715990184058112
1403715990234057984
1403715990284058112
1403715990334057984
1403715990384058112
1403715990434057984
1403715990484058112
1403715990534057984
1403715990584058112
1403715990634057984
1403715990684058112
1403715990734057984
1403715990784058112
1403715990834057984
1403715990884058112
1403715990934057984
1403715990984058112
1403715991034057984
1403715991084058112
1403715991134057984
1403715991184058112
1403715991234057984
1403715991284058112
1403715991334057984
1403715991384058112
1403715991434057984
1403715991484058112
1403715991534057984
1403715991584058112
1403715991634057984
1403715991684058112
1403715991734057984
1403715991784058112
1403715991834057984
1403715991884058112
1403715991934057984
1403715991984058112
1403715992034057984
1403715992084058112
1403715992134057984
1403715992184058112
1403715992234057984
1403715992284058112
1403715992334057984
1403715992384058112
1403715992434057984
1403715992484058112
1403715992534057984
1403715992584058112
1403715992634057984
1403715992684058112
1403715992734057984
1403715992784058112
1403715992834057984
1403715992884058112
1403715992934057984
1403715992984058112
1403715993034057984
1403715993084058112
1403715993134057984
1403715993184058112
1403715993234057984
1403715993284058112
1403715993334057984
1403715993384058112
1403715993434057984
1403715993484058112
1403715993534057984
1403715993584058112
1403715993634057984
1403715993684058112
1403715993734057984
1403715993784058112
1403715993834057984
1403715993884058112
1403715993934057984
1403715993984058112
